b:0.4054651081081644
c:0.0
harri:1.0986122886681098
cat:1.0986122886681098
truman:1.0986122886681098
dog:1.0986122886681098
presid:1.0986122886681098
